find safe way: 1
231 231 231 231 231 231 231 231 231 231 231 231 231 231 231 231 231 231 231 231 
231 231 462 2 3 4 5 6 7 8 9 10 11 12 13 14 15 16 17 231 
231 3 2 1 2 3 4 5 6 7 8 9 10 11 12 13 14 15 16 231 
231 2 1 0 1 2 3 4 5 6 7 8 9 10 11 12 13 14 15 231 
231 3 2 1 2 3 4 5 6 7 8 9 10 11 12 13 14 15 16 231 
231 4 3 2 3 4 5 6 7 8 9 10 11 12 13 14 15 16 17 231 
231 5 4 3 4 5 6 7 8 9 10 11 12 13 14 15 16 17 18 231 
231 6 5 4 5 6 7 8 9 10 11 12 13 14 15 16 17 18 19 231 
231 7 6 5 6 7 8 9 10 11 12 13 14 15 16 17 18 19 20 231 
231 231 231 231 231 231 231 231 231 231 231 231 231 231 231 231 231 231 231 231 
# # # # # # # # # # # # # # # # # # # # 
# # + 2 3 4 5 6 7 8 9 10 11 12 13 14 15 16 17 # 
# 3 2 1 2 3 4 5 6 7 8 9 10 11 12 13 14 15 16 # 
# 2 1 0 1 2 3 4 5 6 7 8 9 10 11 12 13 14 15 # 
# 3 2 1 2 3 4 5 6 7 8 9 10 11 12 13 14 15 16 # 
# 4 3 2 3 4 5 6 7 8 9 10 11 12 13 14 15 16 17 # 
# 5 4 3 4 5 6 7 8 9 10 11 12 13 14 15 16 17 18 # 
# 6 5 4 5 6 7 8 9 10 11 12 13 14 15 16 17 18 19 # 
# 7 6 5 6 7 8 9 10 11 12 13 14 15 16 17 18 19 20 # 
# # # # # # # # # # # # # # # # # # # # 

find safe way: 1
231 231 231 231 231 231 231 231 231 231 231 231 231 231 231 231 231 231 231 231 
231 4 231 462 3 4 5 6 7 8 9 10 11 12 13 14 15 16 17 231 
231 3 2 1 2 3 4 5 6 7 8 9 10 11 12 13 14 15 16 231 
231 2 1 0 1 2 3 4 5 6 7 8 9 10 11 12 13 14 15 231 
231 3 2 1 2 3 4 5 6 7 8 9 10 11 12 13 14 15 16 231 
231 4 3 2 3 4 5 6 7 8 9 10 11 12 13 14 15 16 17 231 
231 5 4 3 4 5 6 7 8 9 10 11 12 13 14 15 16 17 18 231 
231 6 5 4 5 6 7 8 9 10 11 12 13 14 15 16 17 18 19 231 
231 7 6 5 6 7 8 9 10 11 12 13 14 15 16 17 18 19 20 231 
231 231 231 231 231 231 231 231 231 231 231 231 231 231 231 231 231 231 231 231 
# # # # # # # # # # # # # # # # # # # # 
# 4 # + 3 4 5 6 7 8 9 10 11 12 13 14 15 16 17 # 
# 3 2 1 2 3 4 5 6 7 8 9 10 11 12 13 14 15 16 # 
# 2 1 0 1 2 3 4 5 6 7 8 9 10 11 12 13 14 15 # 
# 3 2 1 2 3 4 5 6 7 8 9 10 11 12 13 14 15 16 # 
# 4 3 2 3 4 5 6 7 8 9 10 11 12 13 14 15 16 17 # 
# 5 4 3 4 5 6 7 8 9 10 11 12 13 14 15 16 17 18 # 
# 6 5 4 5 6 7 8 9 10 11 12 13 14 15 16 17 18 19 # 
# 7 6 5 6 7 8 9 10 11 12 13 14 15 16 17 18 19 20 # 
# # # # # # # # # # # # # # # # # # # # 

find safe way: 20
231 231 231 231 231 231 231 231 231 231 231 231 231 231 231 231 231 231 231 231 
231 4 3 231 3 4 5 6 7 8 9 10 11 12 13 14 15 16 17 231 
231 3 2 462 2 3 4 5 6 7 8 9 10 11 12 13 14 15 16 231 
231 2 1 0 1 2 3 4 5 6 7 8 9 10 11 12 13 14 15 231 
231 3 2 1 2 3 4 5 6 7 8 9 10 11 12 13 14 15 16 231 
231 4 3 2 3 4 5 6 7 8 9 10 11 12 13 14 15 16 17 231 
231 5 4 3 4 5 6 7 8 9 10 11 12 13 14 15 16 17 18 231 
231 6 5 4 5 6 7 8 9 10 11 12 13 14 15 16 17 18 19 231 
231 7 6 5 6 7 8 9 10 11 12 13 14 15 16 17 18 19 20 231 
231 231 231 231 231 231 231 231 231 231 231 231 231 231 231 231 231 231 231 231 
# # # # # # # # # # # # # # # # # # # # 
# 4 3 # 3 4 5 6 7 8 9 10 11 12 13 14 15 16 17 # 
# 3 2 + 2 3 4 5 6 7 8 9 10 11 12 13 14 15 16 # 
# 2 1 0 1 2 3 4 5 6 7 8 9 10 11 12 13 14 15 # 
# 3 2 1 2 3 4 5 6 7 8 9 10 11 12 13 14 15 16 # 
# 4 3 2 3 4 5 6 7 8 9 10 11 12 13 14 15 16 17 # 
# 5 4 3 4 5 6 7 8 9 10 11 12 13 14 15 16 17 18 # 
# 6 5 4 5 6 7 8 9 10 11 12 13 14 15 16 17 18 19 # 
# 7 6 5 6 7 8 9 10 11 12 13 14 15 16 17 18 19 20 # 
# # # # # # # # # # # # # # # # # # # # 

find safe way: 20
231 231 231 231 231 231 231 231 231 231 231 231 231 231 231 231 231 231 231 231 
231 4 3 4 3 4 5 6 7 8 9 10 11 12 13 14 15 16 17 231 
231 3 2 462 2 3 4 5 6 7 8 9 10 11 12 13 14 15 16 231 
231 2 1 462 1 2 3 4 5 6 7 8 9 10 11 12 13 14 15 231 
231 3 2 1 2 3 4 5 6 7 8 9 10 11 12 13 14 15 16 231 
231 4 3 2 3 4 5 6 7 8 9 10 11 12 13 14 15 16 17 231 
231 5 4 3 4 5 6 7 8 9 10 11 12 13 14 15 16 17 18 231 
231 6 5 4 5 6 7 8 9 10 11 12 13 14 15 16 17 18 19 231 
231 7 6 5 6 7 8 9 10 11 12 13 14 15 16 17 18 19 20 231 
231 231 231 231 231 231 231 231 231 231 231 231 231 231 231 231 231 231 231 231 
# # # # # # # # # # # # # # # # # # # # 
# 4 3 4 3 4 5 6 7 8 9 10 11 12 13 14 15 16 17 # 
# 3 2 - 2 3 4 5 6 7 8 9 10 11 12 13 14 15 16 # 
# 2 1 + 1 2 3 4 5 6 7 8 9 10 11 12 13 14 15 # 
# 3 2 1 2 3 4 5 6 7 8 9 10 11 12 13 14 15 16 # 
# 4 3 2 3 4 5 6 7 8 9 10 11 12 13 14 15 16 17 # 
# 5 4 3 4 5 6 7 8 9 10 11 12 13 14 15 16 17 18 # 
# 6 5 4 5 6 7 8 9 10 11 12 13 14 15 16 17 18 19 # 
# 7 6 5 6 7 8 9 10 11 12 13 14 15 16 17 18 19 20 # 
# # # # # # # # # # # # # # # # # # # # 

find safe way: -1
231 231 231 231 231 231 231 231 231 231 231 231 231 231 231 231 231 231 231 231 
231 2 1 0 1 2 3 4 5 6 7 8 9 10 11 12 13 14 15 231 
231 3 2 231 2 3 4 5 6 7 8 9 10 11 12 13 14 15 16 231 
231 4 462 462 3 4 5 6 7 8 9 10 11 12 13 14 15 16 17 231 
231 5 4 5 4 5 6 7 8 9 10 11 12 13 14 15 16 17 18 231 
231 6 5 6 5 6 7 8 9 10 11 12 13 14 15 16 17 18 19 231 
231 7 6 7 6 7 8 9 10 11 12 13 14 15 16 17 18 19 20 231 
231 8 7 8 7 8 9 10 11 12 13 14 15 16 17 18 19 20 21 231 
231 9 8 9 8 9 10 11 12 13 14 15 16 17 18 19 20 21 22 231 
231 231 231 231 231 231 231 231 231 231 231 231 231 231 231 231 231 231 231 231 
# # # # # # # # # # # # # # # # # # # # 
# 2 1 0 1 2 3 4 5 6 7 8 9 10 11 12 13 14 15 # 
# 3 2 # 2 3 4 5 6 7 8 9 10 11 12 13 14 15 16 # 
# 4 + - 3 4 5 6 7 8 9 10 11 12 13 14 15 16 17 # 
# 5 4 5 4 5 6 7 8 9 10 11 12 13 14 15 16 17 18 # 
# 6 5 6 5 6 7 8 9 10 11 12 13 14 15 16 17 18 19 # 
# 7 6 7 6 7 8 9 10 11 12 13 14 15 16 17 18 19 20 # 
# 8 7 8 7 8 9 10 11 12 13 14 15 16 17 18 19 20 21 # 
# 9 8 9 8 9 10 11 12 13 14 15 16 17 18 19 20 21 22 # 
# # # # # # # # # # # # # # # # # # # # 

find safe way: -20
231 231 231 231 231 231 231 231 231 231 231 231 231 231 231 231 231 231 231 231 
231 2 1 0 1 2 3 4 5 6 7 8 9 10 11 12 13 14 15 231 
231 3 462 1 2 3 4 5 6 7 8 9 10 11 12 13 14 15 16 231 
231 4 462 231 3 4 5 6 7 8 9 10 11 12 13 14 15 16 17 231 
231 5 6 5 4 5 6 7 8 9 10 11 12 13 14 15 16 17 18 231 
231 6 7 6 5 6 7 8 9 10 11 12 13 14 15 16 17 18 19 231 
231 7 8 7 6 7 8 9 10 11 12 13 14 15 16 17 18 19 20 231 
231 8 9 8 7 8 9 10 11 12 13 14 15 16 17 18 19 20 21 231 
231 9 10 9 8 9 10 11 12 13 14 15 16 17 18 19 20 21 22 231 
231 231 231 231 231 231 231 231 231 231 231 231 231 231 231 231 231 231 231 231 
# # # # # # # # # # # # # # # # # # # # 
# 2 1 0 1 2 3 4 5 6 7 8 9 10 11 12 13 14 15 # 
# 3 + 1 2 3 4 5 6 7 8 9 10 11 12 13 14 15 16 # 
# 4 - # 3 4 5 6 7 8 9 10 11 12 13 14 15 16 17 # 
# 5 6 5 4 5 6 7 8 9 10 11 12 13 14 15 16 17 18 # 
# 6 7 6 5 6 7 8 9 10 11 12 13 14 15 16 17 18 19 # 
# 7 8 7 6 7 8 9 10 11 12 13 14 15 16 17 18 19 20 # 
# 8 9 8 7 8 9 10 11 12 13 14 15 16 17 18 19 20 21 # 
# 9 10 9 8 9 10 11 12 13 14 15 16 17 18 19 20 21 22 # 
# # # # # # # # # # # # # # # # # # # # 

find safe way: 1
231 231 231 231 231 231 231 231 231 231 231 231 231 231 231 231 231 231 231 231 
231 2 1 0 1 2 3 4 5 6 7 8 9 10 11 12 13 14 15 231 
231 3 462 462 2 3 4 5 6 7 8 9 10 11 12 13 14 15 16 231 
231 4 231 2 3 4 5 6 7 8 9 10 11 12 13 14 15 16 17 231 
231 5 4 3 4 5 6 7 8 9 10 11 12 13 14 15 16 17 18 231 
231 6 5 4 5 6 7 8 9 10 11 12 13 14 15 16 17 18 19 231 
231 7 6 5 6 7 8 9 10 11 12 13 14 15 16 17 18 19 20 231 
231 8 7 6 7 8 9 10 11 12 13 14 15 16 17 18 19 20 21 231 
231 9 8 7 8 9 10 11 12 13 14 15 16 17 18 19 20 21 22 231 
231 231 231 231 231 231 231 231 231 231 231 231 231 231 231 231 231 231 231 231 
# # # # # # # # # # # # # # # # # # # # 
# 2 1 0 1 2 3 4 5 6 7 8 9 10 11 12 13 14 15 # 
# 3 - + 2 3 4 5 6 7 8 9 10 11 12 13 14 15 16 # 
# 4 # 2 3 4 5 6 7 8 9 10 11 12 13 14 15 16 17 # 
# 5 4 3 4 5 6 7 8 9 10 11 12 13 14 15 16 17 18 # 
# 6 5 4 5 6 7 8 9 10 11 12 13 14 15 16 17 18 19 # 
# 7 6 5 6 7 8 9 10 11 12 13 14 15 16 17 18 19 20 # 
# 8 7 6 7 8 9 10 11 12 13 14 15 16 17 18 19 20 21 # 
# 9 8 7 8 9 10 11 12 13 14 15 16 17 18 19 20 21 22 # 
# # # # # # # # # # # # # # # # # # # # 

find safe way: -20
231 231 231 231 231 231 231 231 231 231 231 231 231 231 231 231 231 231 231 231 
231 2 1 462 1 2 3 4 5 6 7 8 9 10 11 12 13 14 15 231 
231 3 462 462 2 3 4 5 6 7 8 9 10 11 12 13 14 15 16 231 
231 4 5 4 3 4 5 6 7 8 9 10 11 12 13 14 15 16 17 231 
231 5 6 5 4 5 6 7 8 9 10 11 12 13 14 15 16 17 18 231 
231 6 7 6 5 6 7 8 9 10 11 12 13 14 15 16 17 18 19 231 
231 7 8 7 6 7 8 9 10 11 12 13 14 15 16 17 18 19 20 231 
231 8 9 8 7 8 9 10 11 12 13 14 15 16 17 18 19 20 21 231 
231 9 10 9 8 9 10 11 12 13 14 15 16 17 18 19 20 21 22 231 
231 231 231 231 231 231 231 231 231 231 231 231 231 231 231 231 231 231 231 231 
# # # # # # # # # # # # # # # # # # # # 
# 2 1 + 1 2 3 4 5 6 7 8 9 10 11 12 13 14 15 # 
# 3 - * 2 3 4 5 6 7 8 9 10 11 12 13 14 15 16 # 
# 4 5 4 3 4 5 6 7 8 9 10 11 12 13 14 15 16 17 # 
# 5 6 5 4 5 6 7 8 9 10 11 12 13 14 15 16 17 18 # 
# 6 7 6 5 6 7 8 9 10 11 12 13 14 15 16 17 18 19 # 
# 7 8 7 6 7 8 9 10 11 12 13 14 15 16 17 18 19 20 # 
# 8 9 8 7 8 9 10 11 12 13 14 15 16 17 18 19 20 21 # 
# 9 10 9 8 9 10 11 12 13 14 15 16 17 18 19 20 21 22 # 
# # # # # # # # # # # # # # # # # # # # 

find safe way: 1
231 231 231 231 231 231 231 231 231 231 231 231 231 231 231 231 231 231 231 231 
231 6 7 462 462 4 5 6 7 8 9 10 11 12 13 14 15 16 17 231 
231 5 231 462 2 3 4 5 6 7 8 9 10 11 12 13 14 15 16 231 
231 4 3 2 1 2 3 4 5 6 7 8 9 10 11 12 13 14 15 231 
231 3 2 1 0 1 2 3 4 5 6 7 8 9 10 11 12 13 14 231 
231 4 3 2 1 2 3 4 5 6 7 8 9 10 11 12 13 14 15 231 
231 5 4 3 2 3 4 5 6 7 8 9 10 11 12 13 14 15 16 231 
231 6 5 4 3 4 5 6 7 8 9 10 11 12 13 14 15 16 17 231 
231 7 6 5 4 5 6 7 8 9 10 11 12 13 14 15 16 17 18 231 
231 231 231 231 231 231 231 231 231 231 231 231 231 231 231 231 231 231 231 231 
# # # # # # # # # # # # # # # # # # # # 
# 6 7 * + 4 5 6 7 8 9 10 11 12 13 14 15 16 17 # 
# 5 # - 2 3 4 5 6 7 8 9 10 11 12 13 14 15 16 # 
# 4 3 2 1 2 3 4 5 6 7 8 9 10 11 12 13 14 15 # 
# 3 2 1 0 1 2 3 4 5 6 7 8 9 10 11 12 13 14 # 
# 4 3 2 1 2 3 4 5 6 7 8 9 10 11 12 13 14 15 # 
# 5 4 3 2 3 4 5 6 7 8 9 10 11 12 13 14 15 16 # 
# 6 5 4 3 4 5 6 7 8 9 10 11 12 13 14 15 16 17 # 
# 7 6 5 4 5 6 7 8 9 10 11 12 13 14 15 16 17 18 # 
# # # # # # # # # # # # # # # # # # # # 

find safe way: 20
231 231 231 231 231 231 231 231 231 231 231 231 231 231 231 231 231 231 231 231 
231 6 5 462 462 4 5 6 7 8 9 10 11 12 13 14 15 16 17 231 
231 5 4 231 462 3 4 5 6 7 8 9 10 11 12 13 14 15 16 231 
231 4 3 2 1 2 3 4 5 6 7 8 9 10 11 12 13 14 15 231 
231 3 2 1 0 1 2 3 4 5 6 7 8 9 10 11 12 13 14 231 
231 4 3 2 1 2 3 4 5 6 7 8 9 10 11 12 13 14 15 231 
231 5 4 3 2 3 4 5 6 7 8 9 10 11 12 13 14 15 16 231 
231 6 5 4 3 4 5 6 7 8 9 10 11 12 13 14 15 16 17 231 
231 7 6 5 4 5 6 7 8 9 10 11 12 13 14 15 16 17 18 231 
231 231 231 231 231 231 231 231 231 231 231 231 231 231 231 231 231 231 231 231 
# # # # # # # # # # # # # # # # # # # # 
# 6 5 - * 4 5 6 7 8 9 10 11 12 13 14 15 16 17 # 
# 5 4 # + 3 4 5 6 7 8 9 10 11 12 13 14 15 16 # 
# 4 3 2 1 2 3 4 5 6 7 8 9 10 11 12 13 14 15 # 
# 3 2 1 0 1 2 3 4 5 6 7 8 9 10 11 12 13 14 # 
# 4 3 2 1 2 3 4 5 6 7 8 9 10 11 12 13 14 15 # 
# 5 4 3 2 3 4 5 6 7 8 9 10 11 12 13 14 15 16 # 
# 6 5 4 3 4 5 6 7 8 9 10 11 12 13 14 15 16 17 # 
# 7 6 5 4 5 6 7 8 9 10 11 12 13 14 15 16 17 18 # 
# # # # # # # # # # # # # # # # # # # # 

find safe way: 20
231 231 231 231 231 231 231 231 231 231 231 231 231 231 231 231 231 231 231 231 
231 6 5 231 462 4 5 6 7 8 9 10 11 12 13 14 15 16 17 231 
231 5 4 3 462 3 4 5 6 7 8 9 10 11 12 13 14 15 16 231 
231 4 3 2 462 2 3 4 5 6 7 8 9 10 11 12 13 14 15 231 
231 3 2 1 0 1 2 3 4 5 6 7 8 9 10 11 12 13 14 231 
231 4 3 2 1 2 3 4 5 6 7 8 9 10 11 12 13 14 15 231 
231 5 4 3 2 3 4 5 6 7 8 9 10 11 12 13 14 15 16 231 
231 6 5 4 3 4 5 6 7 8 9 10 11 12 13 14 15 16 17 231 
231 7 6 5 4 5 6 7 8 9 10 11 12 13 14 15 16 17 18 231 
231 231 231 231 231 231 231 231 231 231 231 231 231 231 231 231 231 231 231 231 
# # # # # # # # # # # # # # # # # # # # 
# 6 5 # - 4 5 6 7 8 9 10 11 12 13 14 15 16 17 # 
# 5 4 3 * 3 4 5 6 7 8 9 10 11 12 13 14 15 16 # 
# 4 3 2 + 2 3 4 5 6 7 8 9 10 11 12 13 14 15 # 
# 3 2 1 0 1 2 3 4 5 6 7 8 9 10 11 12 13 14 # 
# 4 3 2 1 2 3 4 5 6 7 8 9 10 11 12 13 14 15 # 
# 5 4 3 2 3 4 5 6 7 8 9 10 11 12 13 14 15 16 # 
# 6 5 4 3 4 5 6 7 8 9 10 11 12 13 14 15 16 17 # 
# 7 6 5 4 5 6 7 8 9 10 11 12 13 14 15 16 17 18 # 
# # # # # # # # # # # # # # # # # # # # 

find safe way: 20
231 231 231 231 231 231 231 231 231 231 231 231 231 231 231 231 231 231 231 231 
231 6 5 4 462 4 5 6 7 8 9 10 11 12 13 14 15 16 17 231 
231 5 4 3 462 3 4 5 6 7 8 9 10 11 12 13 14 15 16 231 
231 4 3 2 462 2 3 4 5 6 7 8 9 10 11 12 13 14 15 231 
231 3 2 1 462 1 2 3 4 5 6 7 8 9 10 11 12 13 14 231 
231 4 3 2 1 2 3 4 5 6 7 8 9 10 11 12 13 14 15 231 
231 5 4 3 2 3 4 5 6 7 8 9 10 11 12 13 14 15 16 231 
231 6 5 4 3 4 5 6 7 8 9 10 11 12 13 14 15 16 17 231 
231 7 6 5 4 5 6 7 8 9 10 11 12 13 14 15 16 17 18 231 
231 231 231 231 231 231 231 231 231 231 231 231 231 231 231 231 231 231 231 231 
# # # # # # # # # # # # # # # # # # # # 
# 6 5 4 - 4 5 6 7 8 9 10 11 12 13 14 15 16 17 # 
# 5 4 3 * 3 4 5 6 7 8 9 10 11 12 13 14 15 16 # 
# 4 3 2 * 2 3 4 5 6 7 8 9 10 11 12 13 14 15 # 
# 3 2 1 + 1 2 3 4 5 6 7 8 9 10 11 12 13 14 # 
# 4 3 2 1 2 3 4 5 6 7 8 9 10 11 12 13 14 15 # 
# 5 4 3 2 3 4 5 6 7 8 9 10 11 12 13 14 15 16 # 
# 6 5 4 3 4 5 6 7 8 9 10 11 12 13 14 15 16 17 # 
# 7 6 5 4 5 6 7 8 9 10 11 12 13 14 15 16 17 18 # 
# # # # # # # # # # # # # # # # # # # # 

find safe way: 1
231 231 231 231 231 231 231 231 231 231 231 231 231 231 231 231 231 231 231 231 
231 20 19 18 231 14 13 12 11 10 9 8 7 6 5 4 3 4 5 231 
231 19 18 17 462 13 12 11 10 9 8 7 6 5 4 3 2 3 4 231 
231 18 17 16 462 12 11 10 9 8 7 6 5 4 3 2 1 2 3 231 
231 17 16 15 462 462 10 9 8 7 6 5 4 3 2 1 0 1 2 231 
231 16 15 14 13 12 11 10 9 8 7 6 5 4 3 2 1 2 3 231 
231 17 16 15 14 13 12 11 10 9 8 7 6 5 4 3 2 3 4 231 
231 18 17 16 15 14 13 12 11 10 9 8 7 6 5 4 3 4 5 231 
231 19 18 17 16 15 14 13 12 11 10 9 8 7 6 5 4 5 6 231 
231 231 231 231 231 231 231 231 231 231 231 231 231 231 231 231 231 231 231 231 
# # # # # # # # # # # # # # # # # # # # 
# 20 19 18 # 14 13 12 11 10 9 8 7 6 5 4 3 4 5 # 
# 19 18 17 - 13 12 11 10 9 8 7 6 5 4 3 2 3 4 # 
# 18 17 16 * 12 11 10 9 8 7 6 5 4 3 2 1 2 3 # 
# 17 16 15 * + 10 9 8 7 6 5 4 3 2 1 0 1 2 # 
# 16 15 14 13 12 11 10 9 8 7 6 5 4 3 2 1 2 3 # 
# 17 16 15 14 13 12 11 10 9 8 7 6 5 4 3 2 3 4 # 
# 18 17 16 15 14 13 12 11 10 9 8 7 6 5 4 3 4 5 # 
# 19 18 17 16 15 14 13 12 11 10 9 8 7 6 5 4 5 6 # 
# # # # # # # # # # # # # # # # # # # # 

find safe way: 1
231 231 231 231 231 231 231 231 231 231 231 231 231 231 231 231 231 231 231 231 
231 18 17 16 15 14 13 12 11 10 9 8 7 6 5 4 3 4 5 231 
231 19 18 17 231 13 12 11 10 9 8 7 6 5 4 3 2 3 4 231 
231 18 17 16 462 12 11 10 9 8 7 6 5 4 3 2 1 2 3 231 
231 17 16 15 462 462 462 9 8 7 6 5 4 3 2 1 0 1 2 231 
231 16 15 14 13 12 11 10 9 8 7 6 5 4 3 2 1 2 3 231 
231 17 16 15 14 13 12 11 10 9 8 7 6 5 4 3 2 3 4 231 
231 18 17 16 15 14 13 12 11 10 9 8 7 6 5 4 3 4 5 231 
231 19 18 17 16 15 14 13 12 11 10 9 8 7 6 5 4 5 6 231 
231 231 231 231 231 231 231 231 231 231 231 231 231 231 231 231 231 231 231 231 
# # # # # # # # # # # # # # # # # # # # 
# 18 17 16 15 14 13 12 11 10 9 8 7 6 5 4 3 4 5 # 
# 19 18 17 # 13 12 11 10 9 8 7 6 5 4 3 2 3 4 # 
# 18 17 16 - 12 11 10 9 8 7 6 5 4 3 2 1 2 3 # 
# 17 16 15 * * + 9 8 7 6 5 4 3 2 1 0 1 2 # 
# 16 15 14 13 12 11 10 9 8 7 6 5 4 3 2 1 2 3 # 
# 17 16 15 14 13 12 11 10 9 8 7 6 5 4 3 2 3 4 # 
# 18 17 16 15 14 13 12 11 10 9 8 7 6 5 4 3 4 5 # 
# 19 18 17 16 15 14 13 12 11 10 9 8 7 6 5 4 5 6 # 
# # # # # # # # # # # # # # # # # # # # 

find safe way: 1
231 231 231 231 231 231 231 231 231 231 231 231 231 231 231 231 231 231 231 231 
231 18 17 16 15 14 13 12 11 10 9 8 7 6 5 4 3 4 5 231 
231 17 16 15 14 13 12 11 10 9 8 7 6 5 4 3 2 3 4 231 
231 18 17 16 231 12 11 10 9 8 7 6 5 4 3 2 1 2 3 231 
231 17 16 15 462 462 462 462 8 7 6 5 4 3 2 1 0 1 2 231 
231 16 15 14 13 12 11 10 9 8 7 6 5 4 3 2 1 2 3 231 
231 17 16 15 14 13 12 11 10 9 8 7 6 5 4 3 2 3 4 231 
231 18 17 16 15 14 13 12 11 10 9 8 7 6 5 4 3 4 5 231 
231 19 18 17 16 15 14 13 12 11 10 9 8 7 6 5 4 5 6 231 
231 231 231 231 231 231 231 231 231 231 231 231 231 231 231 231 231 231 231 231 
# # # # # # # # # # # # # # # # # # # # 
# 18 17 16 15 14 13 12 11 10 9 8 7 6 5 4 3 4 5 # 
# 17 16 15 14 13 12 11 10 9 8 7 6 5 4 3 2 3 4 # 
# 18 17 16 # 12 11 10 9 8 7 6 5 4 3 2 1 2 3 # 
# 17 16 15 - * * + 8 7 6 5 4 3 2 1 0 1 2 # 
# 16 15 14 13 12 11 10 9 8 7 6 5 4 3 2 1 2 3 # 
# 17 16 15 14 13 12 11 10 9 8 7 6 5 4 3 2 3 4 # 
# 18 17 16 15 14 13 12 11 10 9 8 7 6 5 4 3 4 5 # 
# 19 18 17 16 15 14 13 12 11 10 9 8 7 6 5 4 5 6 # 
# # # # # # # # # # # # # # # # # # # # 

find safe way: 1
231 231 231 231 231 231 231 231 231 231 231 231 231 231 231 231 231 231 231 231 
231 18 17 16 15 14 13 12 11 10 9 8 7 6 5 4 3 4 5 231 
231 17 16 15 14 13 12 11 10 9 8 7 6 5 4 3 2 3 4 231 
231 16 15 14 13 12 11 10 9 8 7 6 5 4 3 2 1 2 3 231 
231 17 16 15 231 462 462 462 462 7 6 5 4 3 2 1 0 1 2 231 
231 16 15 14 13 12 11 10 9 8 7 6 5 4 3 2 1 2 3 231 
231 17 16 15 14 13 12 11 10 9 8 7 6 5 4 3 2 3 4 231 
231 18 17 16 15 14 13 12 11 10 9 8 7 6 5 4 3 4 5 231 
231 19 18 17 16 15 14 13 12 11 10 9 8 7 6 5 4 5 6 231 
231 231 231 231 231 231 231 231 231 231 231 231 231 231 231 231 231 231 231 231 
# # # # # # # # # # # # # # # # # # # # 
# 18 17 16 15 14 13 12 11 10 9 8 7 6 5 4 3 4 5 # 
# 17 16 15 14 13 12 11 10 9 8 7 6 5 4 3 2 3 4 # 
# 16 15 14 13 12 11 10 9 8 7 6 5 4 3 2 1 2 3 # 
# 17 16 15 # - * * + 7 6 5 4 3 2 1 0 1 2 # 
# 16 15 14 13 12 11 10 9 8 7 6 5 4 3 2 1 2 3 # 
# 17 16 15 14 13 12 11 10 9 8 7 6 5 4 3 2 3 4 # 
# 18 17 16 15 14 13 12 11 10 9 8 7 6 5 4 3 4 5 # 
# 19 18 17 16 15 14 13 12 11 10 9 8 7 6 5 4 5 6 # 
# # # # # # # # # # # # # # # # # # # # 

find safe way: 1
231 231 231 231 231 231 231 231 231 231 231 231 231 231 231 231 231 231 231 231 
231 18 17 16 15 14 13 12 11 10 9 8 7 6 5 4 3 4 5 231 
231 17 16 15 14 13 12 11 10 9 8 7 6 5 4 3 2 3 4 231 
231 16 15 14 13 12 11 10 9 8 7 6 5 4 3 2 1 2 3 231 
231 17 16 15 14 231 462 462 462 462 6 5 4 3 2 1 0 1 2 231 
231 16 15 14 13 12 11 10 9 8 7 6 5 4 3 2 1 2 3 231 
231 17 16 15 14 13 12 11 10 9 8 7 6 5 4 3 2 3 4 231 
231 18 17 16 15 14 13 12 11 10 9 8 7 6 5 4 3 4 5 231 
231 19 18 17 16 15 14 13 12 11 10 9 8 7 6 5 4 5 6 231 
231 231 231 231 231 231 231 231 231 231 231 231 231 231 231 231 231 231 231 231 
# # # # # # # # # # # # # # # # # # # # 
# 18 17 16 15 14 13 12 11 10 9 8 7 6 5 4 3 4 5 # 
# 17 16 15 14 13 12 11 10 9 8 7 6 5 4 3 2 3 4 # 
# 16 15 14 13 12 11 10 9 8 7 6 5 4 3 2 1 2 3 # 
# 17 16 15 14 # - * * + 6 5 4 3 2 1 0 1 2 # 
# 16 15 14 13 12 11 10 9 8 7 6 5 4 3 2 1 2 3 # 
# 17 16 15 14 13 12 11 10 9 8 7 6 5 4 3 2 3 4 # 
# 18 17 16 15 14 13 12 11 10 9 8 7 6 5 4 3 4 5 # 
# 19 18 17 16 15 14 13 12 11 10 9 8 7 6 5 4 5 6 # 
# # # # # # # # # # # # # # # # # # # # 

find safe way: 1
231 231 231 231 231 231 231 231 231 231 231 231 231 231 231 231 231 231 231 231 
231 18 17 16 15 14 13 12 11 10 9 8 7 6 5 4 3 4 5 231 
231 17 16 15 14 13 12 11 10 9 8 7 6 5 4 3 2 3 4 231 
231 16 15 14 13 12 11 10 9 8 7 6 5 4 3 2 1 2 3 231 
231 17 16 15 14 13 231 462 462 462 462 5 4 3 2 1 0 1 2 231 
231 16 15 14 13 12 11 10 9 8 7 6 5 4 3 2 1 2 3 231 
231 17 16 15 14 13 12 11 10 9 8 7 6 5 4 3 2 3 4 231 
231 18 17 16 15 14 13 12 11 10 9 8 7 6 5 4 3 4 5 231 
231 19 18 17 16 15 14 13 12 11 10 9 8 7 6 5 4 5 6 231 
231 231 231 231 231 231 231 231 231 231 231 231 231 231 231 231 231 231 231 231 
# # # # # # # # # # # # # # # # # # # # 
# 18 17 16 15 14 13 12 11 10 9 8 7 6 5 4 3 4 5 # 
# 17 16 15 14 13 12 11 10 9 8 7 6 5 4 3 2 3 4 # 
# 16 15 14 13 12 11 10 9 8 7 6 5 4 3 2 1 2 3 # 
# 17 16 15 14 13 # - * * + 5 4 3 2 1 0 1 2 # 
# 16 15 14 13 12 11 10 9 8 7 6 5 4 3 2 1 2 3 # 
# 17 16 15 14 13 12 11 10 9 8 7 6 5 4 3 2 3 4 # 
# 18 17 16 15 14 13 12 11 10 9 8 7 6 5 4 3 4 5 # 
# 19 18 17 16 15 14 13 12 11 10 9 8 7 6 5 4 5 6 # 
# # # # # # # # # # # # # # # # # # # # 

find safe way: 1
231 231 231 231 231 231 231 231 231 231 231 231 231 231 231 231 231 231 231 231 
231 18 17 16 15 14 13 12 11 10 9 8 7 6 5 4 3 4 5 231 
231 17 16 15 14 13 12 11 10 9 8 7 6 5 4 3 2 3 4 231 
231 16 15 14 13 12 11 10 9 8 7 6 5 4 3 2 1 2 3 231 
231 17 16 15 14 13 12 231 462 462 462 462 4 3 2 1 0 1 2 231 
231 16 15 14 13 12 11 10 9 8 7 6 5 4 3 2 1 2 3 231 
231 17 16 15 14 13 12 11 10 9 8 7 6 5 4 3 2 3 4 231 
231 18 17 16 15 14 13 12 11 10 9 8 7 6 5 4 3 4 5 231 
231 19 18 17 16 15 14 13 12 11 10 9 8 7 6 5 4 5 6 231 
231 231 231 231 231 231 231 231 231 231 231 231 231 231 231 231 231 231 231 231 
# # # # # # # # # # # # # # # # # # # # 
# 18 17 16 15 14 13 12 11 10 9 8 7 6 5 4 3 4 5 # 
# 17 16 15 14 13 12 11 10 9 8 7 6 5 4 3 2 3 4 # 
# 16 15 14 13 12 11 10 9 8 7 6 5 4 3 2 1 2 3 # 
# 17 16 15 14 13 12 # - * * + 4 3 2 1 0 1 2 # 
# 16 15 14 13 12 11 10 9 8 7 6 5 4 3 2 1 2 3 # 
# 17 16 15 14 13 12 11 10 9 8 7 6 5 4 3 2 3 4 # 
# 18 17 16 15 14 13 12 11 10 9 8 7 6 5 4 3 4 5 # 
# 19 18 17 16 15 14 13 12 11 10 9 8 7 6 5 4 5 6 # 
# # # # # # # # # # # # # # # # # # # # 

find safe way: 1
231 231 231 231 231 231 231 231 231 231 231 231 231 231 231 231 231 231 231 231 
231 18 17 16 15 14 13 12 11 10 9 8 7 6 5 4 3 4 5 231 
231 17 16 15 14 13 12 11 10 9 8 7 6 5 4 3 2 3 4 231 
231 16 15 14 13 12 11 10 9 8 7 6 5 4 3 2 1 2 3 231 
231 17 16 15 14 13 12 11 231 462 462 462 462 3 2 1 0 1 2 231 
231 16 15 14 13 12 11 10 9 8 7 6 5 4 3 2 1 2 3 231 
231 17 16 15 14 13 12 11 10 9 8 7 6 5 4 3 2 3 4 231 
231 18 17 16 15 14 13 12 11 10 9 8 7 6 5 4 3 4 5 231 
231 19 18 17 16 15 14 13 12 11 10 9 8 7 6 5 4 5 6 231 
231 231 231 231 231 231 231 231 231 231 231 231 231 231 231 231 231 231 231 231 
# # # # # # # # # # # # # # # # # # # # 
# 18 17 16 15 14 13 12 11 10 9 8 7 6 5 4 3 4 5 # 
# 17 16 15 14 13 12 11 10 9 8 7 6 5 4 3 2 3 4 # 
# 16 15 14 13 12 11 10 9 8 7 6 5 4 3 2 1 2 3 # 
# 17 16 15 14 13 12 11 # - * * + 3 2 1 0 1 2 # 
# 16 15 14 13 12 11 10 9 8 7 6 5 4 3 2 1 2 3 # 
# 17 16 15 14 13 12 11 10 9 8 7 6 5 4 3 2 3 4 # 
# 18 17 16 15 14 13 12 11 10 9 8 7 6 5 4 3 4 5 # 
# 19 18 17 16 15 14 13 12 11 10 9 8 7 6 5 4 5 6 # 
# # # # # # # # # # # # # # # # # # # # 

find safe way: 1
231 231 231 231 231 231 231 231 231 231 231 231 231 231 231 231 231 231 231 231 
231 18 17 16 15 14 13 12 11 10 9 8 7 6 5 4 3 4 5 231 
231 17 16 15 14 13 12 11 10 9 8 7 6 5 4 3 2 3 4 231 
231 16 15 14 13 12 11 10 9 8 7 6 5 4 3 2 1 2 3 231 
231 17 16 15 14 13 12 11 10 231 462 462 462 462 2 1 0 1 2 231 
231 16 15 14 13 12 11 10 9 8 7 6 5 4 3 2 1 2 3 231 
231 17 16 15 14 13 12 11 10 9 8 7 6 5 4 3 2 3 4 231 
231 18 17 16 15 14 13 12 11 10 9 8 7 6 5 4 3 4 5 231 
231 19 18 17 16 15 14 13 12 11 10 9 8 7 6 5 4 5 6 231 
231 231 231 231 231 231 231 231 231 231 231 231 231 231 231 231 231 231 231 231 
# # # # # # # # # # # # # # # # # # # # 
# 18 17 16 15 14 13 12 11 10 9 8 7 6 5 4 3 4 5 # 
# 17 16 15 14 13 12 11 10 9 8 7 6 5 4 3 2 3 4 # 
# 16 15 14 13 12 11 10 9 8 7 6 5 4 3 2 1 2 3 # 
# 17 16 15 14 13 12 11 10 # - * * + 2 1 0 1 2 # 
# 16 15 14 13 12 11 10 9 8 7 6 5 4 3 2 1 2 3 # 
# 17 16 15 14 13 12 11 10 9 8 7 6 5 4 3 2 3 4 # 
# 18 17 16 15 14 13 12 11 10 9 8 7 6 5 4 3 4 5 # 
# 19 18 17 16 15 14 13 12 11 10 9 8 7 6 5 4 5 6 # 
# # # # # # # # # # # # # # # # # # # # 

find safe way: 1
231 231 231 231 231 231 231 231 231 231 231 231 231 231 231 231 231 231 231 231 
231 18 17 16 15 14 13 12 11 10 9 8 7 6 5 4 3 4 5 231 
231 17 16 15 14 13 12 11 10 9 8 7 6 5 4 3 2 3 4 231 
231 16 15 14 13 12 11 10 9 8 7 6 5 4 3 2 1 2 3 231 
231 17 16 15 14 13 12 11 10 9 231 462 462 462 462 1 0 1 2 231 
231 16 15 14 13 12 11 10 9 8 7 6 5 4 3 2 1 2 3 231 
231 17 16 15 14 13 12 11 10 9 8 7 6 5 4 3 2 3 4 231 
231 18 17 16 15 14 13 12 11 10 9 8 7 6 5 4 3 4 5 231 
231 19 18 17 16 15 14 13 12 11 10 9 8 7 6 5 4 5 6 231 
231 231 231 231 231 231 231 231 231 231 231 231 231 231 231 231 231 231 231 231 
# # # # # # # # # # # # # # # # # # # # 
# 18 17 16 15 14 13 12 11 10 9 8 7 6 5 4 3 4 5 # 
# 17 16 15 14 13 12 11 10 9 8 7 6 5 4 3 2 3 4 # 
# 16 15 14 13 12 11 10 9 8 7 6 5 4 3 2 1 2 3 # 
# 17 16 15 14 13 12 11 10 9 # - * * + 1 0 1 2 # 
# 16 15 14 13 12 11 10 9 8 7 6 5 4 3 2 1 2 3 # 
# 17 16 15 14 13 12 11 10 9 8 7 6 5 4 3 2 3 4 # 
# 18 17 16 15 14 13 12 11 10 9 8 7 6 5 4 3 4 5 # 
# 19 18 17 16 15 14 13 12 11 10 9 8 7 6 5 4 5 6 # 
# # # # # # # # # # # # # # # # # # # # 

find safe way: 1
231 231 231 231 231 231 231 231 231 231 231 231 231 231 231 231 231 231 231 231 
231 18 17 16 15 14 13 12 11 10 9 8 7 6 5 4 3 4 5 231 
231 17 16 15 14 13 12 11 10 9 8 7 6 5 4 3 2 3 4 231 
231 16 15 14 13 12 11 10 9 8 7 6 5 4 3 2 1 2 3 231 
231 17 16 15 14 13 12 11 10 9 8 231 462 462 462 462 0 1 2 231 
231 16 15 14 13 12 11 10 9 8 7 6 5 4 3 2 1 2 3 231 
231 17 16 15 14 13 12 11 10 9 8 7 6 5 4 3 2 3 4 231 
231 18 17 16 15 14 13 12 11 10 9 8 7 6 5 4 3 4 5 231 
231 19 18 17 16 15 14 13 12 11 10 9 8 7 6 5 4 5 6 231 
231 231 231 231 231 231 231 231 231 231 231 231 231 231 231 231 231 231 231 231 
# # # # # # # # # # # # # # # # # # # # 
# 18 17 16 15 14 13 12 11 10 9 8 7 6 5 4 3 4 5 # 
# 17 16 15 14 13 12 11 10 9 8 7 6 5 4 3 2 3 4 # 
# 16 15 14 13 12 11 10 9 8 7 6 5 4 3 2 1 2 3 # 
# 17 16 15 14 13 12 11 10 9 8 # - * * + 0 1 2 # 
# 16 15 14 13 12 11 10 9 8 7 6 5 4 3 2 1 2 3 # 
# 17 16 15 14 13 12 11 10 9 8 7 6 5 4 3 2 3 4 # 
# 18 17 16 15 14 13 12 11 10 9 8 7 6 5 4 3 4 5 # 
# 19 18 17 16 15 14 13 12 11 10 9 8 7 6 5 4 5 6 # 
# # # # # # # # # # # # # # # # # # # # 

find safe way: 1
231 231 231 231 231 231 231 231 231 231 231 231 231 231 231 231 231 231 231 231 
231 18 17 16 15 14 13 12 11 10 9 8 7 6 5 4 3 4 5 231 
231 17 16 15 14 13 12 11 10 9 8 7 6 5 4 3 2 3 4 231 
231 16 15 14 13 12 11 10 9 8 7 6 5 4 3 2 1 2 3 231 
231 17 16 15 14 13 12 11 10 9 8 7 462 462 462 462 462 1 2 231 
231 16 15 14 13 12 11 10 9 8 7 6 5 4 3 2 1 2 3 231 
231 17 16 15 14 13 12 11 10 9 8 7 6 5 4 3 2 3 4 231 
231 18 17 16 15 14 13 12 11 10 9 8 7 6 5 4 3 4 5 231 
231 19 18 17 16 15 14 13 12 11 10 9 8 7 6 5 4 5 6 231 
231 231 231 231 231 231 231 231 231 231 231 231 231 231 231 231 231 231 231 231 
# # # # # # # # # # # # # # # # # # # # 
# 18 17 16 15 14 13 12 11 10 9 8 7 6 5 4 3 4 5 # 
# 17 16 15 14 13 12 11 10 9 8 7 6 5 4 3 2 3 4 # 
# 16 15 14 13 12 11 10 9 8 7 6 5 4 3 2 1 2 3 # 
# 17 16 15 14 13 12 11 10 9 8 7 - * * * + 1 2 # 
# 16 15 14 13 12 11 10 9 8 7 6 5 4 3 2 1 2 3 # 
# 17 16 15 14 13 12 11 10 9 8 7 6 5 4 3 2 3 4 # 
# 18 17 16 15 14 13 12 11 10 9 8 7 6 5 4 3 4 5 # 
# 19 18 17 16 15 14 13 12 11 10 9 8 7 6 5 4 5 6 # 
# # # # # # # # # # # # # # # # # # # # 

find safe way: -20
231 231 231 231 231 231 231 231 231 231 231 231 231 231 231 231 231 231 231 231 
231 3 2 1 0 1 2 3 4 5 6 7 8 9 10 11 12 13 14 231 
231 4 3 2 1 2 3 4 5 6 7 8 9 10 11 12 13 14 15 231 
231 5 4 3 2 3 4 5 6 7 8 9 10 11 12 13 462 15 16 231 
231 6 5 4 3 4 5 6 7 8 9 10 231 462 462 462 462 16 17 231 
231 7 6 5 4 5 6 7 8 9 10 11 12 13 14 15 16 17 18 231 
231 8 7 6 5 6 7 8 9 10 11 12 13 14 15 16 17 18 19 231 
231 9 8 7 6 7 8 9 10 11 12 13 14 15 16 17 18 19 20 231 
231 10 9 8 7 8 9 10 11 12 13 14 15 16 17 18 19 20 21 231 
231 231 231 231 231 231 231 231 231 231 231 231 231 231 231 231 231 231 231 231 
# # # # # # # # # # # # # # # # # # # # 
# 3 2 1 0 1 2 3 4 5 6 7 8 9 10 11 12 13 14 # 
# 4 3 2 1 2 3 4 5 6 7 8 9 10 11 12 13 14 15 # 
# 5 4 3 2 3 4 5 6 7 8 9 10 11 12 13 + 15 16 # 
# 6 5 4 3 4 5 6 7 8 9 10 # - * * * 16 17 # 
# 7 6 5 4 5 6 7 8 9 10 11 12 13 14 15 16 17 18 # 
# 8 7 6 5 6 7 8 9 10 11 12 13 14 15 16 17 18 19 # 
# 9 8 7 6 7 8 9 10 11 12 13 14 15 16 17 18 19 20 # 
# 10 9 8 7 8 9 10 11 12 13 14 15 16 17 18 19 20 21 # 
# # # # # # # # # # # # # # # # # # # # 

find safe way: -1
231 231 231 231 231 231 231 231 231 231 231 231 231 231 231 231 231 231 231 231 
231 3 2 1 0 1 2 3 4 5 6 7 8 9 10 11 12 13 14 231 
231 4 3 2 1 2 3 4 5 6 7 8 9 10 11 12 13 14 15 231 
231 5 4 3 2 3 4 5 6 7 8 9 10 11 12 462 462 15 16 231 
231 6 5 4 3 4 5 6 7 8 9 10 11 231 462 462 462 16 17 231 
231 7 6 5 4 5 6 7 8 9 10 11 12 13 14 15 16 17 18 231 
231 8 7 6 5 6 7 8 9 10 11 12 13 14 15 16 17 18 19 231 
231 9 8 7 6 7 8 9 10 11 12 13 14 15 16 17 18 19 20 231 
231 10 9 8 7 8 9 10 11 12 13 14 15 16 17 18 19 20 21 231 
231 231 231 231 231 231 231 231 231 231 231 231 231 231 231 231 231 231 231 231 
# # # # # # # # # # # # # # # # # # # # 
# 3 2 1 0 1 2 3 4 5 6 7 8 9 10 11 12 13 14 # 
# 4 3 2 1 2 3 4 5 6 7 8 9 10 11 12 13 14 15 # 
# 5 4 3 2 3 4 5 6 7 8 9 10 11 12 + * 15 16 # 
# 6 5 4 3 4 5 6 7 8 9 10 11 # - * * 16 17 # 
# 7 6 5 4 5 6 7 8 9 10 11 12 13 14 15 16 17 18 # 
# 8 7 6 5 6 7 8 9 10 11 12 13 14 15 16 17 18 19 # 
# 9 8 7 6 7 8 9 10 11 12 13 14 15 16 17 18 19 20 # 
# 10 9 8 7 8 9 10 11 12 13 14 15 16 17 18 19 20 21 # 
# # # # # # # # # # # # # # # # # # # # 

find safe way: -1
231 231 231 231 231 231 231 231 231 231 231 231 231 231 231 231 231 231 231 231 
231 3 2 1 0 1 2 3 4 5 6 7 8 9 10 11 12 13 14 231 
231 4 3 2 1 2 3 4 5 6 7 8 9 10 11 12 13 14 15 231 
231 5 4 3 2 3 4 5 6 7 8 9 10 11 462 462 462 15 16 231 
231 6 5 4 3 4 5 6 7 8 9 10 11 12 231 462 462 16 17 231 
231 7 6 5 4 5 6 7 8 9 10 11 12 13 14 15 16 17 18 231 
231 8 7 6 5 6 7 8 9 10 11 12 13 14 15 16 17 18 19 231 
231 9 8 7 6 7 8 9 10 11 12 13 14 15 16 17 18 19 20 231 
231 10 9 8 7 8 9 10 11 12 13 14 15 16 17 18 19 20 21 231 
231 231 231 231 231 231 231 231 231 231 231 231 231 231 231 231 231 231 231 231 
# # # # # # # # # # # # # # # # # # # # 
# 3 2 1 0 1 2 3 4 5 6 7 8 9 10 11 12 13 14 # 
# 4 3 2 1 2 3 4 5 6 7 8 9 10 11 12 13 14 15 # 
# 5 4 3 2 3 4 5 6 7 8 9 10 11 + * * 15 16 # 
# 6 5 4 3 4 5 6 7 8 9 10 11 12 # - * 16 17 # 
# 7 6 5 4 5 6 7 8 9 10 11 12 13 14 15 16 17 18 # 
# 8 7 6 5 6 7 8 9 10 11 12 13 14 15 16 17 18 19 # 
# 9 8 7 6 7 8 9 10 11 12 13 14 15 16 17 18 19 20 # 
# 10 9 8 7 8 9 10 11 12 13 14 15 16 17 18 19 20 21 # 
# # # # # # # # # # # # # # # # # # # # 

find safe way: -1
231 231 231 231 231 231 231 231 231 231 231 231 231 231 231 231 231 231 231 231 
231 3 2 1 0 1 2 3 4 5 6 7 8 9 10 11 12 13 14 231 
231 4 3 2 1 2 3 4 5 6 7 8 9 10 11 12 13 14 15 231 
231 5 4 3 2 3 4 5 6 7 8 9 10 462 462 462 462 15 16 231 
231 6 5 4 3 4 5 6 7 8 9 10 11 12 13 231 462 16 17 231 
231 7 6 5 4 5 6 7 8 9 10 11 12 13 14 15 16 17 18 231 
231 8 7 6 5 6 7 8 9 10 11 12 13 14 15 16 17 18 19 231 
231 9 8 7 6 7 8 9 10 11 12 13 14 15 16 17 18 19 20 231 
231 10 9 8 7 8 9 10 11 12 13 14 15 16 17 18 19 20 21 231 
231 231 231 231 231 231 231 231 231 231 231 231 231 231 231 231 231 231 231 231 
# # # # # # # # # # # # # # # # # # # # 
# 3 2 1 0 1 2 3 4 5 6 7 8 9 10 11 12 13 14 # 
# 4 3 2 1 2 3 4 5 6 7 8 9 10 11 12 13 14 15 # 
# 5 4 3 2 3 4 5 6 7 8 9 10 + * * * 15 16 # 
# 6 5 4 3 4 5 6 7 8 9 10 11 12 13 # - 16 17 # 
# 7 6 5 4 5 6 7 8 9 10 11 12 13 14 15 16 17 18 # 
# 8 7 6 5 6 7 8 9 10 11 12 13 14 15 16 17 18 19 # 
# 9 8 7 6 7 8 9 10 11 12 13 14 15 16 17 18 19 20 # 
# 10 9 8 7 8 9 10 11 12 13 14 15 16 17 18 19 20 21 # 
# # # # # # # # # # # # # # # # # # # # 

find safe way: -1
231 231 231 231 231 231 231 231 231 231 231 231 231 231 231 231 231 231 231 231 
231 3 2 1 0 1 2 3 4 5 6 7 8 9 10 11 12 13 14 231 
231 4 3 2 1 2 3 4 5 6 7 8 9 10 11 12 13 14 15 231 
231 5 4 3 2 3 4 5 6 7 8 9 462 462 462 462 462 15 16 231 
231 6 5 4 3 4 5 6 7 8 9 10 11 12 13 14 231 16 17 231 
231 7 6 5 4 5 6 7 8 9 10 11 12 13 14 15 16 17 18 231 
231 8 7 6 5 6 7 8 9 10 11 12 13 14 15 16 17 18 19 231 
231 9 8 7 6 7 8 9 10 11 12 13 14 15 16 17 18 19 20 231 
231 10 9 8 7 8 9 10 11 12 13 14 15 16 17 18 19 20 21 231 
231 231 231 231 231 231 231 231 231 231 231 231 231 231 231 231 231 231 231 231 
# # # # # # # # # # # # # # # # # # # # 
# 3 2 1 0 1 2 3 4 5 6 7 8 9 10 11 12 13 14 # 
# 4 3 2 1 2 3 4 5 6 7 8 9 10 11 12 13 14 15 # 
# 5 4 3 2 3 4 5 6 7 8 9 + * * * - 15 16 # 
# 6 5 4 3 4 5 6 7 8 9 10 11 12 13 14 # 16 17 # 
# 7 6 5 4 5 6 7 8 9 10 11 12 13 14 15 16 17 18 # 
# 8 7 6 5 6 7 8 9 10 11 12 13 14 15 16 17 18 19 # 
# 9 8 7 6 7 8 9 10 11 12 13 14 15 16 17 18 19 20 # 
# 10 9 8 7 8 9 10 11 12 13 14 15 16 17 18 19 20 21 # 
# # # # # # # # # # # # # # # # # # # # 

find safe way: -1
231 231 231 231 231 231 231 231 231 231 231 231 231 231 231 231 231 231 231 231 
231 3 2 1 0 1 2 3 4 5 6 7 8 9 10 11 12 13 14 231 
231 4 3 2 1 2 3 4 5 6 7 8 9 10 11 12 13 14 15 231 
231 5 4 3 2 3 4 5 6 7 8 462 462 462 462 462 231 15 16 231 
231 6 5 4 3 4 5 6 7 8 9 10 11 12 13 14 15 16 17 231 
231 7 6 5 4 5 6 7 8 9 10 11 12 13 14 15 16 17 18 231 
231 8 7 6 5 6 7 8 9 10 11 12 13 14 15 16 17 18 19 231 
231 9 8 7 6 7 8 9 10 11 12 13 14 15 16 17 18 19 20 231 
231 10 9 8 7 8 9 10 11 12 13 14 15 16 17 18 19 20 21 231 
231 231 231 231 231 231 231 231 231 231 231 231 231 231 231 231 231 231 231 231 
# # # # # # # # # # # # # # # # # # # # 
# 3 2 1 0 1 2 3 4 5 6 7 8 9 10 11 12 13 14 # 
# 4 3 2 1 2 3 4 5 6 7 8 9 10 11 12 13 14 15 # 
# 5 4 3 2 3 4 5 6 7 8 + * * * - # 15 16 # 
# 6 5 4 3 4 5 6 7 8 9 10 11 12 13 14 15 16 17 # 
# 7 6 5 4 5 6 7 8 9 10 11 12 13 14 15 16 17 18 # 
# 8 7 6 5 6 7 8 9 10 11 12 13 14 15 16 17 18 19 # 
# 9 8 7 6 7 8 9 10 11 12 13 14 15 16 17 18 19 20 # 
# 10 9 8 7 8 9 10 11 12 13 14 15 16 17 18 19 20 21 # 
# # # # # # # # # # # # # # # # # # # # 

find safe way: -1
231 231 231 231 231 231 231 231 231 231 231 231 231 231 231 231 231 231 231 231 
231 3 2 1 0 1 2 3 4 5 6 7 8 9 10 11 12 13 14 231 
231 4 3 2 1 2 3 4 5 6 7 8 9 10 11 12 13 14 15 231 
231 5 4 3 2 3 4 5 6 7 462 462 462 462 462 231 14 15 16 231 
231 6 5 4 3 4 5 6 7 8 9 10 11 12 13 14 15 16 17 231 
231 7 6 5 4 5 6 7 8 9 10 11 12 13 14 15 16 17 18 231 
231 8 7 6 5 6 7 8 9 10 11 12 13 14 15 16 17 18 19 231 
231 9 8 7 6 7 8 9 10 11 12 13 14 15 16 17 18 19 20 231 
231 10 9 8 7 8 9 10 11 12 13 14 15 16 17 18 19 20 21 231 
231 231 231 231 231 231 231 231 231 231 231 231 231 231 231 231 231 231 231 231 
# # # # # # # # # # # # # # # # # # # # 
# 3 2 1 0 1 2 3 4 5 6 7 8 9 10 11 12 13 14 # 
# 4 3 2 1 2 3 4 5 6 7 8 9 10 11 12 13 14 15 # 
# 5 4 3 2 3 4 5 6 7 + * * * - # 14 15 16 # 
# 6 5 4 3 4 5 6 7 8 9 10 11 12 13 14 15 16 17 # 
# 7 6 5 4 5 6 7 8 9 10 11 12 13 14 15 16 17 18 # 
# 8 7 6 5 6 7 8 9 10 11 12 13 14 15 16 17 18 19 # 
# 9 8 7 6 7 8 9 10 11 12 13 14 15 16 17 18 19 20 # 
# 10 9 8 7 8 9 10 11 12 13 14 15 16 17 18 19 20 21 # 
# # # # # # # # # # # # # # # # # # # # 

find safe way: -1
231 231 231 231 231 231 231 231 231 231 231 231 231 231 231 231 231 231 231 231 
231 3 2 1 0 1 2 3 4 5 6 7 8 9 10 11 12 13 14 231 
231 4 3 2 1 2 3 4 5 6 7 8 9 10 11 12 13 14 15 231 
231 5 4 3 2 3 4 5 6 462 462 462 462 462 231 13 14 15 16 231 
231 6 5 4 3 4 5 6 7 8 9 10 11 12 13 14 15 16 17 231 
231 7 6 5 4 5 6 7 8 9 10 11 12 13 14 15 16 17 18 231 
231 8 7 6 5 6 7 8 9 10 11 12 13 14 15 16 17 18 19 231 
231 9 8 7 6 7 8 9 10 11 12 13 14 15 16 17 18 19 20 231 
231 10 9 8 7 8 9 10 11 12 13 14 15 16 17 18 19 20 21 231 
231 231 231 231 231 231 231 231 231 231 231 231 231 231 231 231 231 231 231 231 
# # # # # # # # # # # # # # # # # # # # 
# 3 2 1 0 1 2 3 4 5 6 7 8 9 10 11 12 13 14 # 
# 4 3 2 1 2 3 4 5 6 7 8 9 10 11 12 13 14 15 # 
# 5 4 3 2 3 4 5 6 + * * * - # 13 14 15 16 # 
# 6 5 4 3 4 5 6 7 8 9 10 11 12 13 14 15 16 17 # 
# 7 6 5 4 5 6 7 8 9 10 11 12 13 14 15 16 17 18 # 
# 8 7 6 5 6 7 8 9 10 11 12 13 14 15 16 17 18 19 # 
# 9 8 7 6 7 8 9 10 11 12 13 14 15 16 17 18 19 20 # 
# 10 9 8 7 8 9 10 11 12 13 14 15 16 17 18 19 20 21 # 
# # # # # # # # # # # # # # # # # # # # 

find safe way: -1
231 231 231 231 231 231 231 231 231 231 231 231 231 231 231 231 231 231 231 231 
231 3 2 1 0 1 2 3 4 5 6 7 8 9 10 11 12 13 14 231 
231 4 3 2 1 2 3 4 5 6 7 8 9 10 11 12 13 14 15 231 
231 5 4 3 2 3 4 5 462 462 462 462 462 231 12 13 14 15 16 231 
231 6 5 4 3 4 5 6 7 8 9 10 11 12 13 14 15 16 17 231 
231 7 6 5 4 5 6 7 8 9 10 11 12 13 14 15 16 17 18 231 
231 8 7 6 5 6 7 8 9 10 11 12 13 14 15 16 17 18 19 231 
231 9 8 7 6 7 8 9 10 11 12 13 14 15 16 17 18 19 20 231 
231 10 9 8 7 8 9 10 11 12 13 14 15 16 17 18 19 20 21 231 
231 231 231 231 231 231 231 231 231 231 231 231 231 231 231 231 231 231 231 231 
# # # # # # # # # # # # # # # # # # # # 
# 3 2 1 0 1 2 3 4 5 6 7 8 9 10 11 12 13 14 # 
# 4 3 2 1 2 3 4 5 6 7 8 9 10 11 12 13 14 15 # 
# 5 4 3 2 3 4 5 + * * * - # 12 13 14 15 16 # 
# 6 5 4 3 4 5 6 7 8 9 10 11 12 13 14 15 16 17 # 
# 7 6 5 4 5 6 7 8 9 10 11 12 13 14 15 16 17 18 # 
# 8 7 6 5 6 7 8 9 10 11 12 13 14 15 16 17 18 19 # 
# 9 8 7 6 7 8 9 10 11 12 13 14 15 16 17 18 19 20 # 
# 10 9 8 7 8 9 10 11 12 13 14 15 16 17 18 19 20 21 # 
# # # # # # # # # # # # # # # # # # # # 

find safe way: -1
231 231 231 231 231 231 231 231 231 231 231 231 231 231 231 231 231 231 231 231 
231 3 2 1 0 1 2 3 4 5 6 7 8 9 10 11 12 13 14 231 
231 4 3 2 1 2 3 4 5 6 7 8 9 10 11 12 13 14 15 231 
231 5 4 3 2 3 4 462 462 462 462 462 231 11 12 13 14 15 16 231 
231 6 5 4 3 4 5 6 7 8 9 10 11 12 13 14 15 16 17 231 
231 7 6 5 4 5 6 7 8 9 10 11 12 13 14 15 16 17 18 231 
231 8 7 6 5 6 7 8 9 10 11 12 13 14 15 16 17 18 19 231 
231 9 8 7 6 7 8 9 10 11 12 13 14 15 16 17 18 19 20 231 
231 10 9 8 7 8 9 10 11 12 13 14 15 16 17 18 19 20 21 231 
231 231 231 231 231 231 231 231 231 231 231 231 231 231 231 231 231 231 231 231 
# # # # # # # # # # # # # # # # # # # # 
# 3 2 1 0 1 2 3 4 5 6 7 8 9 10 11 12 13 14 # 
# 4 3 2 1 2 3 4 5 6 7 8 9 10 11 12 13 14 15 # 
# 5 4 3 2 3 4 + * * * - # 11 12 13 14 15 16 # 
# 6 5 4 3 4 5 6 7 8 9 10 11 12 13 14 15 16 17 # 
# 7 6 5 4 5 6 7 8 9 10 11 12 13 14 15 16 17 18 # 
# 8 7 6 5 6 7 8 9 10 11 12 13 14 15 16 17 18 19 # 
# 9 8 7 6 7 8 9 10 11 12 13 14 15 16 17 18 19 20 # 
# 10 9 8 7 8 9 10 11 12 13 14 15 16 17 18 19 20 21 # 
# # # # # # # # # # # # # # # # # # # # 

find safe way: -1
231 231 231 231 231 231 231 231 231 231 231 231 231 231 231 231 231 231 231 231 
231 3 2 1 0 1 2 3 4 5 6 7 8 9 10 11 12 13 14 231 
231 4 3 2 1 2 3 4 5 6 7 8 9 10 11 12 13 14 15 231 
231 5 4 3 2 3 462 462 462 462 462 231 10 11 12 13 14 15 16 231 
231 6 5 4 3 4 5 6 7 8 9 10 11 12 13 14 15 16 17 231 
231 7 6 5 4 5 6 7 8 9 10 11 12 13 14 15 16 17 18 231 
231 8 7 6 5 6 7 8 9 10 11 12 13 14 15 16 17 18 19 231 
231 9 8 7 6 7 8 9 10 11 12 13 14 15 16 17 18 19 20 231 
231 10 9 8 7 8 9 10 11 12 13 14 15 16 17 18 19 20 21 231 
231 231 231 231 231 231 231 231 231 231 231 231 231 231 231 231 231 231 231 231 
# # # # # # # # # # # # # # # # # # # # 
# 3 2 1 0 1 2 3 4 5 6 7 8 9 10 11 12 13 14 # 
# 4 3 2 1 2 3 4 5 6 7 8 9 10 11 12 13 14 15 # 
# 5 4 3 2 3 + * * * - # 10 11 12 13 14 15 16 # 
# 6 5 4 3 4 5 6 7 8 9 10 11 12 13 14 15 16 17 # 
# 7 6 5 4 5 6 7 8 9 10 11 12 13 14 15 16 17 18 # 
# 8 7 6 5 6 7 8 9 10 11 12 13 14 15 16 17 18 19 # 
# 9 8 7 6 7 8 9 10 11 12 13 14 15 16 17 18 19 20 # 
# 10 9 8 7 8 9 10 11 12 13 14 15 16 17 18 19 20 21 # 
# # # # # # # # # # # # # # # # # # # # 

find safe way: -1
231 231 231 231 231 231 231 231 231 231 231 231 231 231 231 231 231 231 231 231 
231 3 2 1 0 1 2 3 4 5 6 7 8 9 10 11 12 13 14 231 
231 4 3 2 1 2 3 4 5 6 7 8 9 10 11 12 13 14 15 231 
231 5 4 3 2 462 462 462 462 462 231 9 10 11 12 13 14 15 16 231 
231 6 5 4 3 4 5 6 7 8 9 10 11 12 13 14 15 16 17 231 
231 7 6 5 4 5 6 7 8 9 10 11 12 13 14 15 16 17 18 231 
231 8 7 6 5 6 7 8 9 10 11 12 13 14 15 16 17 18 19 231 
231 9 8 7 6 7 8 9 10 11 12 13 14 15 16 17 18 19 20 231 
231 10 9 8 7 8 9 10 11 12 13 14 15 16 17 18 19 20 21 231 
231 231 231 231 231 231 231 231 231 231 231 231 231 231 231 231 231 231 231 231 
# # # # # # # # # # # # # # # # # # # # 
# 3 2 1 0 1 2 3 4 5 6 7 8 9 10 11 12 13 14 # 
# 4 3 2 1 2 3 4 5 6 7 8 9 10 11 12 13 14 15 # 
# 5 4 3 2 + * * * - # 9 10 11 12 13 14 15 16 # 
# 6 5 4 3 4 5 6 7 8 9 10 11 12 13 14 15 16 17 # 
# 7 6 5 4 5 6 7 8 9 10 11 12 13 14 15 16 17 18 # 
# 8 7 6 5 6 7 8 9 10 11 12 13 14 15 16 17 18 19 # 
# 9 8 7 6 7 8 9 10 11 12 13 14 15 16 17 18 19 20 # 
# 10 9 8 7 8 9 10 11 12 13 14 15 16 17 18 19 20 21 # 
# # # # # # # # # # # # # # # # # # # # 

find safe way: -1
231 231 231 231 231 231 231 231 231 231 231 231 231 231 231 231 231 231 231 231 
231 3 2 1 0 1 2 3 4 5 6 7 8 9 10 11 12 13 14 231 
231 4 3 2 1 2 3 4 5 6 7 8 9 10 11 12 13 14 15 231 
231 5 4 3 462 462 462 462 462 231 8 9 10 11 12 13 14 15 16 231 
231 6 5 4 3 4 5 6 7 8 9 10 11 12 13 14 15 16 17 231 
231 7 6 5 4 5 6 7 8 9 10 11 12 13 14 15 16 17 18 231 
231 8 7 6 5 6 7 8 9 10 11 12 13 14 15 16 17 18 19 231 
231 9 8 7 6 7 8 9 10 11 12 13 14 15 16 17 18 19 20 231 
231 10 9 8 7 8 9 10 11 12 13 14 15 16 17 18 19 20 21 231 
231 231 231 231 231 231 231 231 231 231 231 231 231 231 231 231 231 231 231 231 
# # # # # # # # # # # # # # # # # # # # 
# 3 2 1 0 1 2 3 4 5 6 7 8 9 10 11 12 13 14 # 
# 4 3 2 1 2 3 4 5 6 7 8 9 10 11 12 13 14 15 # 
